34.4827586206897
32.258064516129
29.4117647058824
27.027027027027
28.5714285714286
-25.6410256410256
-32.258064516129
-32.258064516129
-34.4827586206897
-37.037037037037
-28.5714285714286
-24.390243902439
-20.8333333333333
-27.7777777777778
-27.7777777777778
-30.3030303030303
-28.5714285714286
-27.7777777777778
-32.258064516129
-33.3333333333333
-35.7142857142857
-35.7142857142857
-40
34.4827586206897
37.037037037037
41.6666666666667
35.7142857142857
28.5714285714286
29.4117647058824
34.4827586206897
24.390243902439
35.7142857142857
33.3333333333333
38.4615384615385
40
38.4615384615385
38.4615384615385
-22.7272727272727
-31.25
27.027027027027
34.4827586206897
33.3333333333333
29.4117647058824
34.4827586206897
33.3333333333333
-8.84955752212389
0
0
-5.40540540540541
-18.8679245283019
-17.8571428571429
-7.69230769230769
-4.25531914893617
-6.25
0
0
0
-6.25
0
0
-10.5263157894737
-5.40540540540541
-8.69565217391304
4.65116279069767
0
-9.52380952380952
17.2413793103448
0
6.89655172413793
6.66666666666667
-2.73972602739726
-4.12371134020619
-3.92156862745098
0
1.25
2.8169014084507
-3.92156862745098
0
-15.8730158730159
-19.6078431372549
-13.5135135135135
16.2162162162162
